#!/bin/bash

### Generated with dircolours.

# Theme from https://github.com/seebi/dircolors-solarized/blob/master/dircolors.256dark.
SIMPLE_SOLARIZED="no=00;38;5;244:rs=0:di=00;38;5;33:ln=01;38;5;37:mh=00:pi=48;5;230;38;5;136;01:so=48;5;230;38;5;136;01:do=48;5;230;38;5;136;01:bd=48;5;230;38;5;244;01:cd=48;5;230;38;5;244;01:or=48;5;235;38;5;160:su=48;5;160;38;5;230:sg=48;5;136;38;5;230:ca=30;41:tw=48;5;64;38;5;230:ow=48;5;235;38;5;33:st=48;5;33;38;5;230:ex=0;38;2;90;247;142:*.tar=00;38;5;61:*.tgz=01;38;5;61:*.arj=01;38;5;61:*.taz=01;38;5;61:*.lzh=01;38;5;61:*.lzma=01;38;5;61:*.tlz=01;38;5;61:*.txz=01;38;5;61:*.zip=01;38;5;61:*.zst=01;38;5;61:*.z=01;38;5;61:*.Z=01;38;5;61:*.dz=01;38;5;61:*.gz=01;38;5;61:*.lz=01;38;5;61:*.xz=01;38;5;61:*.bz2=01;38;5;61:*.bz=01;38;5;61:*.tbz=01;38;5;61:*.tbz2=01;38;5;61:*.tz=01;38;5;61:*.deb=01;38;5;61:*.rpm=01;38;5;61:*.jar=01;38;5;61:*.rar=01;38;5;61:*.ace=01;38;5;61:*.zoo=01;38;5;61:*.cpio=01;38;5;61:*.7z=01;38;5;61:*.rz=01;38;5;61:*.apk=01;38;5;61:*.gem=01;38;5;61:*.jpg=00;38;5;136:*.JPG=00;38;5;136:*.jpeg=00;38;5;136:*.gif=00;38;5;136:*.bmp=00;38;5;136:*.pbm=00;38;5;136:*.pgm=00;38;5;136:*.ppm=00;38;5;136:*.tga=00;38;5;136:*.xbm=00;38;5;136:*.xpm=00;38;5;136:*.tif=00;38;5;136:*.tiff=00;38;5;136:*.png=00;38;5;136:*.PNG=00;38;5;136:*.svg=00;38;5;136:*.svgz=00;38;5;136:*.mng=00;38;5;136:*.pcx=00;38;5;136:*.dl=00;38;5;136:*.xcf=00;38;5;136:*.xwd=00;38;5;136:*.yuv=00;38;5;136:*.cgm=00;38;5;136:*.emf=00;38;5;136:*.eps=00;38;5;136:*.CR2=00;38;5;136:*.ico=00;38;5;136:*.nef=00;38;5;136:*.NEF=00;38;5;136:*.webp=00;38;5;136:*.heic=00;38;5;136:*.HEIC=00;38;5;136:*.avif=00;38;5;136:*.tex=01;38;5;245:*.rdf=01;38;5;245:*.owl=01;38;5;245:*.n3=01;38;5;245:*.ttl=01;38;5;245:*.nt=01;38;5;245:*.torrent=01;38;5;245:*.xml=01;38;5;245:*Makefile=01;38;5;245:*Rakefile=01;38;5;245:*Dockerfile=01;38;5;245:*build.xml=01;38;5;245:*rc=01;38;5;245:*1=01;38;5;245:*.nfo=01;38;5;245:*README=01;38;5;245:*README.txt=01;38;5;245:*readme.txt=01;38;5;245:*.md=01;38;5;245:*README.markdown=01;38;5;245:*.ini=01;38;5;245:*.yml=01;38;5;245:*.cfg=01;38;5;245:*.conf=01;38;5;245:*.h=01;38;5;245:*.hpp=01;38;5;245:*.c=01;38;5;245:*.cpp=01;38;5;245:*.cxx=01;38;5;245:*.cc=01;38;5;245:*.objc=01;38;5;245:*.sqlite=01;38;5;245:*.go=01;38;5;245:*.lua=01;38;5;245:*.sql=01;38;5;245:*.csv=01;38;5;245:*.log=00;38;5;240:*.bak=00;38;5;240:*.aux=00;38;5;240:*.lof=00;38;5;240:*.lol=00;38;5;240:*.lot=00;38;5;240:*.out=00;38;5;240:*.toc=00;38;5;240:*.bbl=00;38;5;240:*.blg=00;38;5;240:*~=00;38;5;240:*#=00;38;5;240:*.part=00;38;5;240:*.incomplete=00;38;5;240:*.swp=00;38;5;240:*.tmp=00;38;5;240:*.temp=00;38;5;240:*.o=00;38;5;240:*.pyc=00;38;5;240:*.class=00;38;5;240:*.cache=00;38;5;240:*.aac=00;38;5;166:*.au=00;38;5;166:*.flac=00;38;5;166:*.mid=00;38;5;166:*.midi=00;38;5;166:*.mka=00;38;5;166:*.mp3=00;38;5;166:*.mpc=00;38;5;166:*.ogg=00;38;5;166:*.opus=00;38;5;166:*.ra=00;38;5;166:*.wav=00;38;5;166:*.m4a=00;38;5;166:*.axa=00;38;5;166:*.oga=00;38;5;166:*.spx=00;38;5;166:*.xspf=00;38;5;166:*.mov=01;38;5;166:*.MOV=01;38;5;166:*.mpg=01;38;5;166:*.mpeg=01;38;5;166:*.m2v=01;38;5;166:*.mkv=01;38;5;166:*.ogm=01;38;5;166:*.mp4=01;38;5;166:*.m4v=01;38;5;166:*.mp4v=01;38;5;166:*.vob=01;38;5;166:*.qt=01;38;5;166:*.nuv=01;38;5;166:*.wmv=01;38;5;166:*.asf=01;38;5;166:*.rm=01;38;5;166:*.rmvb=01;38;5;166:*.flc=01;38;5;166:*.avi=01;38;5;166:*.fli=01;38;5;166:*.flv=01;38;5;166:*.gl=01;38;5;166:*.m2ts=01;38;5;166:*.divx=01;38;5;166:*.webm=01;38;5;166:*.axv=01;38;5;166:*.anx=01;38;5;166:*.ogv=01;38;5;166:*.ogx=01;38;5;166:"


### Generated with https://github.com/sharkdp/vivid/.

# Theme snazzy.
SNAZZY="*~=0;38;2;102;102;102:bd=0;38;2;154;237;254;48;2;51;51;51:ca=0:cd=0;38;2;255;106;193;48;2;51;51;51:di=0;38;2;87;199;255:do=0;38;2;0;0;0;48;2;255;106;193:ex=1;38;2;255;92;87:fi=0:ln=0;38;2;255;106;193:mh=0:mi=0;38;2;0;0;0;48;2;255;92;87:no=0:or=0;38;2;0;0;0;48;2;255;92;87:ow=0:pi=0;38;2;0;0;0;48;2;87;199;255:rs=0:sg=0:so=0;38;2;0;0;0;48;2;255;106;193:st=0:su=0:tw=0:*.1=0;38;2;243;249;157:*.a=1;38;2;255;92;87:*.c=0;38;2;90;247;142:*.d=0;38;2;90;247;142:*.h=0;38;2;90;247;142:*.m=0;38;2;90;247;142:*.o=0;38;2;102;102;102:*.p=0;38;2;90;247;142:*.r=0;38;2;90;247;142:*.t=0;38;2;90;247;142:*.v=0;38;2;90;247;142:*.z=4;38;2;154;237;254:*.7z=4;38;2;154;237;254:*.ai=0;38;2;255;180;223:*.as=0;38;2;90;247;142:*.bc=0;38;2;102;102;102:*.bz=4;38;2;154;237;254:*.cc=0;38;2;90;247;142:*.cp=0;38;2;90;247;142:*.cr=0;38;2;90;247;142:*.cs=0;38;2;90;247;142:*.db=4;38;2;154;237;254:*.di=0;38;2;90;247;142:*.el=0;38;2;90;247;142:*.ex=0;38;2;90;247;142:*.fs=0;38;2;90;247;142:*.go=0;38;2;90;247;142:*.gv=0;38;2;90;247;142:*.gz=4;38;2;154;237;254:*.ha=0;38;2;90;247;142:*.hh=0;38;2;90;247;142:*.hi=0;38;2;102;102;102:*.hs=0;38;2;90;247;142:*.jl=0;38;2;90;247;142:*.js=0;38;2;90;247;142:*.ko=1;38;2;255;92;87:*.kt=0;38;2;90;247;142:*.la=0;38;2;102;102;102:*.ll=0;38;2;90;247;142:*.lo=0;38;2;102;102;102:*.ma=0;38;2;255;180;223:*.mb=0;38;2;255;180;223:*.md=0;38;2;243;249;157:*.mk=0;38;2;165;255;195:*.ml=0;38;2;90;247;142:*.mn=0;38;2;90;247;142:*.nb=0;38;2;90;247;142:*.nu=0;38;2;90;247;142:*.pl=0;38;2;90;247;142:*.pm=0;38;2;90;247;142:*.pp=0;38;2;90;247;142:*.ps=0;38;2;255;92;87:*.py=0;38;2;90;247;142:*.rb=0;38;2;90;247;142:*.rm=0;38;2;255;180;223:*.rs=0;38;2;90;247;142:*.sh=0;38;2;90;247;142:*.so=1;38;2;255;92;87:*.td=0;38;2;90;247;142:*.ts=0;38;2;90;247;142:*.ui=0;38;2;243;249;157:*.vb=0;38;2;90;247;142:*.wv=0;38;2;255;180;223:*.xz=4;38;2;154;237;254:*FAQ=0;38;2;40;42;54;48;2;243;249;157:*.3ds=0;38;2;255;180;223:*.3fr=0;38;2;255;180;223:*.3mf=0;38;2;255;180;223:*.adb=0;38;2;90;247;142:*.ads=0;38;2;90;247;142:*.aif=0;38;2;255;180;223:*.amf=0;38;2;255;180;223:*.ape=0;38;2;255;180;223:*.apk=4;38;2;154;237;254:*.ari=0;38;2;255;180;223:*.arj=4;38;2;154;237;254:*.arw=0;38;2;255;180;223:*.asa=0;38;2;90;247;142:*.asm=0;38;2;90;247;142:*.aux=0;38;2;102;102;102:*.avi=0;38;2;255;180;223:*.awk=0;38;2;90;247;142:*.bag=4;38;2;154;237;254:*.bak=0;38;2;102;102;102:*.bat=1;38;2;255;92;87:*.bay=0;38;2;255;180;223:*.bbl=0;38;2;102;102;102:*.bcf=0;38;2;102;102;102:*.bib=0;38;2;243;249;157:*.bin=4;38;2;154;237;254:*.blg=0;38;2;102;102;102:*.bmp=0;38;2;255;180;223:*.bsh=0;38;2;90;247;142:*.bst=0;38;2;243;249;157:*.bz2=4;38;2;154;237;254:*.c++=0;38;2;90;247;142:*.cap=0;38;2;255;180;223:*.cfg=0;38;2;243;249;157:*.cgi=0;38;2;90;247;142:*.clj=0;38;2;90;247;142:*.com=1;38;2;255;92;87:*.cpp=0;38;2;90;247;142:*.cr2=0;38;2;255;180;223:*.cr3=0;38;2;255;180;223:*.crw=0;38;2;255;180;223:*.css=0;38;2;90;247;142:*.csv=0;38;2;243;249;157:*.csx=0;38;2;90;247;142:*.cxx=0;38;2;90;247;142:*.dae=0;38;2;255;180;223:*.dcr=0;38;2;255;180;223:*.dcs=0;38;2;255;180;223:*.deb=4;38;2;154;237;254:*.def=0;38;2;90;247;142:*.dll=1;38;2;255;92;87:*.dmg=4;38;2;154;237;254:*.dng=0;38;2;255;180;223:*.doc=0;38;2;255;92;87:*.dot=0;38;2;90;247;142:*.dox=0;38;2;165;255;195:*.dpr=0;38;2;90;247;142:*.drf=0;38;2;255;180;223:*.dxf=0;38;2;255;180;223:*.eip=0;38;2;255;180;223:*.elc=0;38;2;90;247;142:*.elm=0;38;2;90;247;142:*.epp=0;38;2;90;247;142:*.eps=0;38;2;255;180;223:*.erf=0;38;2;255;180;223:*.erl=0;38;2;90;247;142:*.exe=1;38;2;255;92;87:*.exr=0;38;2;255;180;223:*.exs=0;38;2;90;247;142:*.fbx=0;38;2;255;180;223:*.fff=0;38;2;255;180;223:*.fls=0;38;2;102;102;102:*.flv=0;38;2;255;180;223:*.fnt=0;38;2;255;180;223:*.fon=0;38;2;255;180;223:*.fsi=0;38;2;90;247;142:*.fsx=0;38;2;90;247;142:*.gif=0;38;2;255;180;223:*.git=0;38;2;102;102;102:*.gpr=0;38;2;255;180;223:*.gvy=0;38;2;90;247;142:*.h++=0;38;2;90;247;142:*.hda=0;38;2;255;180;223:*.hip=0;38;2;255;180;223:*.hpp=0;38;2;90;247;142:*.htc=0;38;2;90;247;142:*.htm=0;38;2;243;249;157:*.hxx=0;38;2;90;247;142:*.ico=0;38;2;255;180;223:*.ics=0;38;2;255;92;87:*.idx=0;38;2;102;102;102:*.igs=0;38;2;255;180;223:*.iiq=0;38;2;255;180;223:*.ilg=0;38;2;102;102;102:*.img=4;38;2;154;237;254:*.inc=0;38;2;90;247;142:*.ind=0;38;2;102;102;102:*.ini=0;38;2;243;249;157:*.inl=0;38;2;90;247;142:*.ino=0;38;2;90;247;142:*.ipp=0;38;2;90;247;142:*.iso=4;38;2;154;237;254:*.jar=4;38;2;154;237;254:*.jpg=0;38;2;255;180;223:*.jsx=0;38;2;90;247;142:*.jxl=0;38;2;255;180;223:*.k25=0;38;2;255;180;223:*.kdc=0;38;2;255;180;223:*.kex=0;38;2;255;92;87:*.kra=0;38;2;255;180;223:*.kts=0;38;2;90;247;142:*.log=0;38;2;102;102;102:*.ltx=0;38;2;90;247;142:*.lua=0;38;2;90;247;142:*.m3u=0;38;2;255;180;223:*.m4a=0;38;2;255;180;223:*.m4v=0;38;2;255;180;223:*.mdc=0;38;2;255;180;223:*.mef=0;38;2;255;180;223:*.mid=0;38;2;255;180;223:*.mir=0;38;2;90;247;142:*.mkv=0;38;2;255;180;223:*.mli=0;38;2;90;247;142:*.mos=0;38;2;255;180;223:*.mov=0;38;2;255;180;223:*.mp3=0;38;2;255;180;223:*.mp4=0;38;2;255;180;223:*.mpg=0;38;2;255;180;223:*.mrw=0;38;2;255;180;223:*.msi=4;38;2;154;237;254:*.mtl=0;38;2;255;180;223:*.nef=0;38;2;255;180;223:*.nim=0;38;2;90;247;142:*.nix=0;38;2;243;249;157:*.nrw=0;38;2;255;180;223:*.obj=0;38;2;255;180;223:*.obm=0;38;2;255;180;223:*.odp=0;38;2;255;92;87:*.ods=0;38;2;255;92;87:*.odt=0;38;2;255;92;87:*.ogg=0;38;2;255;180;223:*.ogv=0;38;2;255;180;223:*.orf=0;38;2;255;180;223:*.org=0;38;2;243;249;157:*.otf=0;38;2;255;180;223:*.otl=0;38;2;255;180;223:*.out=0;38;2;102;102;102:*.pas=0;38;2;90;247;142:*.pbm=0;38;2;255;180;223:*.pcx=0;38;2;255;180;223:*.pdf=0;38;2;255;92;87:*.pef=0;38;2;255;180;223:*.pgm=0;38;2;255;180;223:*.php=0;38;2;90;247;142:*.pid=0;38;2;102;102;102:*.pkg=4;38;2;154;237;254:*.png=0;38;2;255;180;223:*.pod=0;38;2;90;247;142:*.ppm=0;38;2;255;180;223:*.pps=0;38;2;255;92;87:*.ppt=0;38;2;255;92;87:*.pro=0;38;2;165;255;195:*.ps1=0;38;2;90;247;142:*.psd=0;38;2;255;180;223:*.ptx=0;38;2;255;180;223:*.pxn=0;38;2;255;180;223:*.pyc=0;38;2;102;102;102:*.pyd=0;38;2;102;102;102:*.pyo=0;38;2;102;102;102:*.qoi=0;38;2;255;180;223:*.r3d=0;38;2;255;180;223:*.raf=0;38;2;255;180;223:*.rar=4;38;2;154;237;254:*.raw=0;38;2;255;180;223:*.rpm=4;38;2;154;237;254:*.rst=0;38;2;243;249;157:*.rtf=0;38;2;255;92;87:*.rw2=0;38;2;255;180;223:*.rwl=0;38;2;255;180;223:*.rwz=0;38;2;255;180;223:*.sbt=0;38;2;90;247;142:*.sql=0;38;2;90;247;142:*.sr2=0;38;2;255;180;223:*.srf=0;38;2;255;180;223:*.srw=0;38;2;255;180;223:*.stl=0;38;2;255;180;223:*.stp=0;38;2;255;180;223:*.sty=0;38;2;102;102;102:*.svg=0;38;2;255;180;223:*.swf=0;38;2;255;180;223:*.swp=0;38;2;102;102;102:*.sxi=0;38;2;255;92;87:*.sxw=0;38;2;255;92;87:*.tar=4;38;2;154;237;254:*.tbz=4;38;2;154;237;254:*.tcl=0;38;2;90;247;142:*.tex=0;38;2;90;247;142:*.tga=0;38;2;255;180;223:*.tgz=4;38;2;154;237;254:*.tif=0;38;2;255;180;223:*.tml=0;38;2;243;249;157:*.tmp=0;38;2;102;102;102:*.toc=0;38;2;102;102;102:*.tsx=0;38;2;90;247;142:*.ttf=0;38;2;255;180;223:*.txt=0;38;2;243;249;157:*.typ=0;38;2;243;249;157:*.usd=0;38;2;255;180;223:*.vcd=4;38;2;154;237;254:*.vim=0;38;2;90;247;142:*.vob=0;38;2;255;180;223:*.vsh=0;38;2;90;247;142:*.wav=0;38;2;255;180;223:*.wma=0;38;2;255;180;223:*.wmv=0;38;2;255;180;223:*.wrl=0;38;2;255;180;223:*.x3d=0;38;2;255;180;223:*.x3f=0;38;2;255;180;223:*.xlr=0;38;2;255;92;87:*.xls=0;38;2;255;92;87:*.xml=0;38;2;243;249;157:*.xmp=0;38;2;243;249;157:*.xpm=0;38;2;255;180;223:*.xvf=0;38;2;255;180;223:*.yml=0;38;2;243;249;157:*.zig=0;38;2;90;247;142:*.zip=4;38;2;154;237;254:*.zsh=0;38;2;90;247;142:*.zst=4;38;2;154;237;254:*TODO=1:*hgrc=0;38;2;165;255;195:*.avif=0;38;2;255;180;223:*.bash=0;38;2;90;247;142:*.braw=0;38;2;255;180;223:*.conf=0;38;2;243;249;157:*.dart=0;38;2;90;247;142:*.data=0;38;2;255;180;223:*.diff=0;38;2;90;247;142:*.docx=0;38;2;255;92;87:*.epub=0;38;2;255;92;87:*.fish=0;38;2;90;247;142:*.flac=0;38;2;255;180;223:*.h264=0;38;2;255;180;223:*.hack=0;38;2;90;247;142:*.heif=0;38;2;255;180;223:*.hgrc=0;38;2;165;255;195:*.html=0;38;2;243;249;157:*.iges=0;38;2;255;180;223:*.info=0;38;2;243;249;157:*.java=0;38;2;90;247;142:*.jpeg=0;38;2;255;180;223:*.json=0;38;2;243;249;157:*.less=0;38;2;90;247;142:*.lisp=0;38;2;90;247;142:*.lock=0;38;2;102;102;102:*.make=0;38;2;165;255;195:*.mojo=0;38;2;90;247;142:*.mpeg=0;38;2;255;180;223:*.nims=0;38;2;90;247;142:*.opus=0;38;2;255;180;223:*.orig=0;38;2;102;102;102:*.pptx=0;38;2;255;92;87:*.prql=0;38;2;90;247;142:*.psd1=0;38;2;90;247;142:*.psm1=0;38;2;90;247;142:*.purs=0;38;2;90;247;142:*.raku=0;38;2;90;247;142:*.rlib=0;38;2;102;102;102:*.sass=0;38;2;90;247;142:*.scad=0;38;2;90;247;142:*.scss=0;38;2;90;247;142:*.step=0;38;2;255;180;223:*.tbz2=4;38;2;154;237;254:*.tiff=0;38;2;255;180;223:*.toml=0;38;2;243;249;157:*.usda=0;38;2;255;180;223:*.usdc=0;38;2;255;180;223:*.usdz=0;38;2;255;180;223:*.webm=0;38;2;255;180;223:*.webp=0;38;2;255;180;223:*.woff=0;38;2;255;180;223:*.xbps=4;38;2;154;237;254:*.xlsx=0;38;2;255;92;87:*.yaml=0;38;2;243;249;157:*stdin=0;38;2;102;102;102:*v.mod=0;38;2;165;255;195:*.blend=0;38;2;255;180;223:*.cabal=0;38;2;90;247;142:*.cache=0;38;2;102;102;102:*.class=0;38;2;102;102;102:*.cmake=0;38;2;165;255;195:*.ctags=0;38;2;102;102;102:*.dylib=1;38;2;255;92;87:*.dyn_o=0;38;2;102;102;102:*.gcode=0;38;2;90;247;142:*.ipynb=0;38;2;90;247;142:*.mdown=0;38;2;243;249;157:*.patch=0;38;2;90;247;142:*.rmeta=0;38;2;102;102;102:*.scala=0;38;2;90;247;142:*.shtml=0;38;2;243;249;157:*.swift=0;38;2;90;247;142:*.toast=4;38;2;154;237;254:*.woff2=0;38;2;255;180;223:*.xhtml=0;38;2;243;249;157:*Icon\r=0;38;2;102;102;102:*LEGACY=0;38;2;40;42;54;48;2;243;249;157:*NOTICE=0;38;2;40;42;54;48;2;243;249;157:*README=0;38;2;40;42;54;48;2;243;249;157:*go.mod=0;38;2;165;255;195:*go.sum=0;38;2;102;102;102:*passwd=0;38;2;243;249;157:*shadow=0;38;2;243;249;157:*stderr=0;38;2;102;102;102:*stdout=0;38;2;102;102;102:*.bashrc=0;38;2;90;247;142:*.config=0;38;2;243;249;157:*.dyn_hi=0;38;2;102;102;102:*.flake8=0;38;2;165;255;195:*.gradle=0;38;2;90;247;142:*.groovy=0;38;2;90;247;142:*.ignore=0;38;2;165;255;195:*.matlab=0;38;2;90;247;142:*.nimble=0;38;2;90;247;142:*COPYING=0;38;2;153;153;153:*INSTALL=0;38;2;40;42;54;48;2;243;249;157:*LICENCE=0;38;2;153;153;153:*LICENSE=0;38;2;153;153;153:*TODO.md=1:*VERSION=0;38;2;40;42;54;48;2;243;249;157:*.alembic=0;38;2;255;180;223:*.desktop=0;38;2;243;249;157:*.gemspec=0;38;2;165;255;195:*.mailmap=0;38;2;165;255;195:*Doxyfile=0;38;2;165;255;195:*Makefile=0;38;2;165;255;195:*TODO.txt=1:*setup.py=0;38;2;165;255;195:*.DS_Store=0;38;2;102;102;102:*.cmake.in=0;38;2;165;255;195:*.fdignore=0;38;2;165;255;195:*.kdevelop=0;38;2;165;255;195:*.markdown=0;38;2;243;249;157:*.rgignore=0;38;2;165;255;195:*.tfignore=0;38;2;165;255;195:*CHANGELOG=0;38;2;40;42;54;48;2;243;249;157:*COPYRIGHT=0;38;2;153;153;153:*README.md=0;38;2;40;42;54;48;2;243;249;157:*bun.lockb=0;38;2;102;102;102:*configure=0;38;2;165;255;195:*.gitconfig=0;38;2;165;255;195:*.gitignore=0;38;2;165;255;195:*.localized=0;38;2;102;102;102:*.scons_opt=0;38;2;102;102;102:*.timestamp=0;38;2;102;102;102:*CODEOWNERS=0;38;2;165;255;195:*Dockerfile=0;38;2;243;249;157:*INSTALL.md=0;38;2;40;42;54;48;2;243;249;157:*README.txt=0;38;2;40;42;54;48;2;243;249;157:*SConscript=0;38;2;165;255;195:*SConstruct=0;38;2;165;255;195:*.cirrus.yml=0;38;2;90;247;142:*.gitmodules=0;38;2;165;255;195:*.synctex.gz=0;38;2;102;102;102:*.travis.yml=0;38;2;90;247;142:*INSTALL.txt=0;38;2;40;42;54;48;2;243;249;157:*LICENSE-MIT=0;38;2;153;153;153:*MANIFEST.in=0;38;2;165;255;195:*Makefile.am=0;38;2;165;255;195:*Makefile.in=0;38;2;102;102;102:*.applescript=0;38;2;90;247;142:*.fdb_latexmk=0;38;2;102;102;102:*.webmanifest=0;38;2;243;249;157:*CHANGELOG.md=0;38;2;40;42;54;48;2;243;249;157:*CONTRIBUTING=0;38;2;40;42;54;48;2;243;249;157:*CONTRIBUTORS=0;38;2;40;42;54;48;2;243;249;157:*appveyor.yml=0;38;2;90;247;142:*configure.ac=0;38;2;165;255;195:*.bash_profile=0;38;2;90;247;142:*.clang-format=0;38;2;165;255;195:*.editorconfig=0;38;2;165;255;195:*CHANGELOG.txt=0;38;2;40;42;54;48;2;243;249;157:*.gitattributes=0;38;2;165;255;195:*.gitlab-ci.yml=0;38;2;90;247;142:*CMakeCache.txt=0;38;2;102;102;102:*CMakeLists.txt=0;38;2;165;255;195:*LICENSE-APACHE=0;38;2;153;153;153:*pyproject.toml=0;38;2;165;255;195:*CODE_OF_CONDUCT=0;38;2;40;42;54;48;2;243;249;157:*CONTRIBUTING.md=0;38;2;40;42;54;48;2;243;249;157:*CONTRIBUTORS.md=0;38;2;40;42;54;48;2;243;249;157:*.sconsign.dblite=0;38;2;102;102;102:*CONTRIBUTING.txt=0;38;2;40;42;54;48;2;243;249;157:*CONTRIBUTORS.txt=0;38;2;40;42;54;48;2;243;249;157:*requirements.txt=0;38;2;165;255;195:*package-lock.json=0;38;2;102;102;102:*CODE_OF_CONDUCT.md=0;38;2;40;42;54;48;2;243;249;157:*.CFUserTextEncoding=0;38;2;102;102;102:*CODE_OF_CONDUCT.txt=0;38;2;40;42;54;48;2;243;249;157:*azure-pipelines.yml=0;38;2;90;247;142"

# Theme iceberg-dark.
ICEBERG_DARK="*~=0;38;2;107;112;137:bd=0;38;2;137;184;194;48;2;54;56;74:ca=0:cd=0;38;2;173;160;211;48;2;54;56;74:di=0;38;2;132;160;198:do=0;38;2;30;33;50;48;2;173;160;211:ex=1;38;2;226;120;120:fi=0:ln=0;38;2;173;160;211:mh=0:mi=0;38;2;30;33;50;48;2;226;120;120:no=0:or=0;38;2;30;33;50;48;2;226;120;120:ow=0:pi=0;38;2;30;33;50;48;2;132;160;198:rs=0:sg=0:so=0;38;2;30;33;50;48;2;173;160;211:st=0:su=0:tw=0:*.1=0;38;2;226;164;120:*.a=1;38;2;226;120;120:*.c=0;38;2;180;190;130:*.d=0;38;2;180;190;130:*.h=0;38;2;180;190;130:*.m=0;38;2;180;190;130:*.o=0;38;2;107;112;137:*.p=0;38;2;180;190;130:*.r=0;38;2;180;190;130:*.t=0;38;2;180;190;130:*.v=0;38;2;180;190;130:*.z=4;38;2;137;184;194:*.7z=4;38;2;137;184;194:*.ai=0;38;2;173;160;211:*.as=0;38;2;180;190;130:*.bc=0;38;2;107;112;137:*.bz=4;38;2;137;184;194:*.cc=0;38;2;180;190;130:*.cp=0;38;2;180;190;130:*.cr=0;38;2;180;190;130:*.cs=0;38;2;180;190;130:*.db=4;38;2;137;184;194:*.di=0;38;2;180;190;130:*.el=0;38;2;180;190;130:*.ex=0;38;2;180;190;130:*.fs=0;38;2;180;190;130:*.go=0;38;2;180;190;130:*.gv=0;38;2;180;190;130:*.gz=4;38;2;137;184;194:*.ha=0;38;2;180;190;130:*.hh=0;38;2;180;190;130:*.hi=0;38;2;107;112;137:*.hs=0;38;2;180;190;130:*.jl=0;38;2;180;190;130:*.js=0;38;2;180;190;130:*.ko=1;38;2;226;120;120:*.kt=0;38;2;180;190;130:*.la=0;38;2;107;112;137:*.ll=0;38;2;180;190;130:*.lo=0;38;2;107;112;137:*.ma=0;38;2;173;160;211:*.mb=0;38;2;173;160;211:*.md=0;38;2;226;164;120:*.mk=0;38;2;180;190;130:*.ml=0;38;2;180;190;130:*.mn=0;38;2;180;190;130:*.nb=0;38;2;180;190;130:*.nu=0;38;2;180;190;130:*.pl=0;38;2;180;190;130:*.pm=0;38;2;180;190;130:*.pp=0;38;2;180;190;130:*.ps=0;38;2;226;120;120:*.py=0;38;2;180;190;130:*.rb=0;38;2;180;190;130:*.rm=0;38;2;173;160;211:*.rs=0;38;2;180;190;130:*.sh=0;38;2;180;190;130:*.so=1;38;2;226;120;120:*.td=0;38;2;180;190;130:*.ts=0;38;2;180;190;130:*.ui=0;38;2;226;164;120:*.vb=0;38;2;180;190;130:*.wv=0;38;2;173;160;211:*.xz=4;38;2;137;184;194:*FAQ=0;38;2;22;24;33;48;2;226;164;120:*.3ds=0;38;2;173;160;211:*.3fr=0;38;2;173;160;211:*.3mf=0;38;2;173;160;211:*.adb=0;38;2;180;190;130:*.ads=0;38;2;180;190;130:*.aif=0;38;2;173;160;211:*.amf=0;38;2;173;160;211:*.ape=0;38;2;173;160;211:*.apk=4;38;2;137;184;194:*.ari=0;38;2;173;160;211:*.arj=4;38;2;137;184;194:*.arw=0;38;2;173;160;211:*.asa=0;38;2;180;190;130:*.asm=0;38;2;180;190;130:*.aux=0;38;2;107;112;137:*.avi=0;38;2;173;160;211:*.awk=0;38;2;180;190;130:*.bag=4;38;2;137;184;194:*.bak=0;38;2;107;112;137:*.bat=1;38;2;226;120;120:*.bay=0;38;2;173;160;211:*.bbl=0;38;2;107;112;137:*.bcf=0;38;2;107;112;137:*.bib=0;38;2;226;164;120:*.bin=4;38;2;137;184;194:*.blg=0;38;2;107;112;137:*.bmp=0;38;2;173;160;211:*.bsh=0;38;2;180;190;130:*.bst=0;38;2;226;164;120:*.bz2=4;38;2;137;184;194:*.c++=0;38;2;180;190;130:*.cap=0;38;2;173;160;211:*.cfg=0;38;2;226;164;120:*.cgi=0;38;2;180;190;130:*.clj=0;38;2;180;190;130:*.com=1;38;2;226;120;120:*.cpp=0;38;2;180;190;130:*.cr2=0;38;2;173;160;211:*.cr3=0;38;2;173;160;211:*.crw=0;38;2;173;160;211:*.css=0;38;2;180;190;130:*.csv=0;38;2;226;164;120:*.csx=0;38;2;180;190;130:*.cxx=0;38;2;180;190;130:*.dae=0;38;2;173;160;211:*.dcr=0;38;2;173;160;211:*.dcs=0;38;2;173;160;211:*.deb=4;38;2;137;184;194:*.def=0;38;2;180;190;130:*.dll=1;38;2;226;120;120:*.dmg=4;38;2;137;184;194:*.dng=0;38;2;173;160;211:*.doc=0;38;2;226;120;120:*.dot=0;38;2;180;190;130:*.dox=0;38;2;180;190;130:*.dpr=0;38;2;180;190;130:*.drf=0;38;2;173;160;211:*.dxf=0;38;2;173;160;211:*.eip=0;38;2;173;160;211:*.elc=0;38;2;180;190;130:*.elm=0;38;2;180;190;130:*.epp=0;38;2;180;190;130:*.eps=0;38;2;173;160;211:*.erf=0;38;2;173;160;211:*.erl=0;38;2;180;190;130:*.exe=1;38;2;226;120;120:*.exr=0;38;2;173;160;211:*.exs=0;38;2;180;190;130:*.fbx=0;38;2;173;160;211:*.fff=0;38;2;173;160;211:*.fls=0;38;2;107;112;137:*.flv=0;38;2;173;160;211:*.fnt=0;38;2;173;160;211:*.fon=0;38;2;173;160;211:*.fsi=0;38;2;180;190;130:*.fsx=0;38;2;180;190;130:*.gif=0;38;2;173;160;211:*.git=0;38;2;107;112;137:*.gpr=0;38;2;173;160;211:*.gvy=0;38;2;180;190;130:*.h++=0;38;2;180;190;130:*.hda=0;38;2;173;160;211:*.hip=0;38;2;173;160;211:*.hpp=0;38;2;180;190;130:*.htc=0;38;2;180;190;130:*.htm=0;38;2;226;164;120:*.hxx=0;38;2;180;190;130:*.ico=0;38;2;173;160;211:*.ics=0;38;2;226;120;120:*.idx=0;38;2;107;112;137:*.igs=0;38;2;173;160;211:*.iiq=0;38;2;173;160;211:*.ilg=0;38;2;107;112;137:*.img=4;38;2;137;184;194:*.inc=0;38;2;180;190;130:*.ind=0;38;2;107;112;137:*.ini=0;38;2;226;164;120:*.inl=0;38;2;180;190;130:*.ino=0;38;2;180;190;130:*.ipp=0;38;2;180;190;130:*.iso=4;38;2;137;184;194:*.jar=4;38;2;137;184;194:*.jpg=0;38;2;173;160;211:*.jsx=0;38;2;180;190;130:*.jxl=0;38;2;173;160;211:*.k25=0;38;2;173;160;211:*.kdc=0;38;2;173;160;211:*.kex=0;38;2;226;120;120:*.kra=0;38;2;173;160;211:*.kts=0;38;2;180;190;130:*.log=0;38;2;107;112;137:*.ltx=0;38;2;180;190;130:*.lua=0;38;2;180;190;130:*.m3u=0;38;2;173;160;211:*.m4a=0;38;2;173;160;211:*.m4v=0;38;2;173;160;211:*.mdc=0;38;2;173;160;211:*.mef=0;38;2;173;160;211:*.mid=0;38;2;173;160;211:*.mir=0;38;2;180;190;130:*.mkv=0;38;2;173;160;211:*.mli=0;38;2;180;190;130:*.mos=0;38;2;173;160;211:*.mov=0;38;2;173;160;211:*.mp3=0;38;2;173;160;211:*.mp4=0;38;2;173;160;211:*.mpg=0;38;2;173;160;211:*.mrw=0;38;2;173;160;211:*.msi=4;38;2;137;184;194:*.mtl=0;38;2;173;160;211:*.nef=0;38;2;173;160;211:*.nim=0;38;2;180;190;130:*.nix=0;38;2;226;164;120:*.nrw=0;38;2;173;160;211:*.obj=0;38;2;173;160;211:*.obm=0;38;2;173;160;211:*.odp=0;38;2;226;120;120:*.ods=0;38;2;226;120;120:*.odt=0;38;2;226;120;120:*.ogg=0;38;2;173;160;211:*.ogv=0;38;2;173;160;211:*.orf=0;38;2;173;160;211:*.org=0;38;2;226;164;120:*.otf=0;38;2;173;160;211:*.otl=0;38;2;173;160;211:*.out=0;38;2;107;112;137:*.pas=0;38;2;180;190;130:*.pbm=0;38;2;173;160;211:*.pcx=0;38;2;173;160;211:*.pdf=0;38;2;226;120;120:*.pef=0;38;2;173;160;211:*.pgm=0;38;2;173;160;211:*.php=0;38;2;180;190;130:*.pid=0;38;2;107;112;137:*.pkg=4;38;2;137;184;194:*.png=0;38;2;173;160;211:*.pod=0;38;2;180;190;130:*.ppm=0;38;2;173;160;211:*.pps=0;38;2;226;120;120:*.ppt=0;38;2;226;120;120:*.pro=0;38;2;180;190;130:*.ps1=0;38;2;180;190;130:*.psd=0;38;2;173;160;211:*.ptx=0;38;2;173;160;211:*.pxn=0;38;2;173;160;211:*.pyc=0;38;2;107;112;137:*.pyd=0;38;2;107;112;137:*.pyo=0;38;2;107;112;137:*.qoi=0;38;2;173;160;211:*.r3d=0;38;2;173;160;211:*.raf=0;38;2;173;160;211:*.rar=4;38;2;137;184;194:*.raw=0;38;2;173;160;211:*.rpm=4;38;2;137;184;194:*.rst=0;38;2;226;164;120:*.rtf=0;38;2;226;120;120:*.rw2=0;38;2;173;160;211:*.rwl=0;38;2;173;160;211:*.rwz=0;38;2;173;160;211:*.sbt=0;38;2;180;190;130:*.sql=0;38;2;180;190;130:*.sr2=0;38;2;173;160;211:*.srf=0;38;2;173;160;211:*.srw=0;38;2;173;160;211:*.stl=0;38;2;173;160;211:*.stp=0;38;2;173;160;211:*.sty=0;38;2;107;112;137:*.svg=0;38;2;173;160;211:*.swf=0;38;2;173;160;211:*.swp=0;38;2;107;112;137:*.sxi=0;38;2;226;120;120:*.sxw=0;38;2;226;120;120:*.tar=4;38;2;137;184;194:*.tbz=4;38;2;137;184;194:*.tcl=0;38;2;180;190;130:*.tex=0;38;2;180;190;130:*.tga=0;38;2;173;160;211:*.tgz=4;38;2;137;184;194:*.tif=0;38;2;173;160;211:*.tml=0;38;2;226;164;120:*.tmp=0;38;2;107;112;137:*.toc=0;38;2;107;112;137:*.tsx=0;38;2;180;190;130:*.ttf=0;38;2;173;160;211:*.txt=0;38;2;226;164;120:*.typ=0;38;2;226;164;120:*.usd=0;38;2;173;160;211:*.vcd=4;38;2;137;184;194:*.vim=0;38;2;180;190;130:*.vob=0;38;2;173;160;211:*.vsh=0;38;2;180;190;130:*.wav=0;38;2;173;160;211:*.wma=0;38;2;173;160;211:*.wmv=0;38;2;173;160;211:*.wrl=0;38;2;173;160;211:*.x3d=0;38;2;173;160;211:*.x3f=0;38;2;173;160;211:*.xlr=0;38;2;226;120;120:*.xls=0;38;2;226;120;120:*.xml=0;38;2;226;164;120:*.xmp=0;38;2;226;164;120:*.xpm=0;38;2;173;160;211:*.xvf=0;38;2;173;160;211:*.yml=0;38;2;226;164;120:*.zig=0;38;2;180;190;130:*.zip=4;38;2;137;184;194:*.zsh=0;38;2;180;190;130:*.zst=4;38;2;137;184;194:*TODO=1:*hgrc=0;38;2;180;190;130:*.avif=0;38;2;173;160;211:*.bash=0;38;2;180;190;130:*.braw=0;38;2;173;160;211:*.conf=0;38;2;226;164;120:*.dart=0;38;2;180;190;130:*.data=0;38;2;173;160;211:*.diff=0;38;2;180;190;130:*.docx=0;38;2;226;120;120:*.epub=0;38;2;226;120;120:*.fish=0;38;2;180;190;130:*.flac=0;38;2;173;160;211:*.h264=0;38;2;173;160;211:*.hack=0;38;2;180;190;130:*.heif=0;38;2;173;160;211:*.hgrc=0;38;2;180;190;130:*.html=0;38;2;226;164;120:*.iges=0;38;2;173;160;211:*.info=0;38;2;226;164;120:*.java=0;38;2;180;190;130:*.jpeg=0;38;2;173;160;211:*.json=0;38;2;226;164;120:*.less=0;38;2;180;190;130:*.lisp=0;38;2;180;190;130:*.lock=0;38;2;107;112;137:*.make=0;38;2;180;190;130:*.mojo=0;38;2;180;190;130:*.mpeg=0;38;2;173;160;211:*.nims=0;38;2;180;190;130:*.opus=0;38;2;173;160;211:*.orig=0;38;2;107;112;137:*.pptx=0;38;2;226;120;120:*.prql=0;38;2;180;190;130:*.psd1=0;38;2;180;190;130:*.psm1=0;38;2;180;190;130:*.purs=0;38;2;180;190;130:*.raku=0;38;2;180;190;130:*.rlib=0;38;2;107;112;137:*.sass=0;38;2;180;190;130:*.scad=0;38;2;180;190;130:*.scss=0;38;2;180;190;130:*.step=0;38;2;173;160;211:*.tbz2=4;38;2;137;184;194:*.tiff=0;38;2;173;160;211:*.toml=0;38;2;226;164;120:*.usda=0;38;2;173;160;211:*.usdc=0;38;2;173;160;211:*.usdz=0;38;2;173;160;211:*.webm=0;38;2;173;160;211:*.webp=0;38;2;173;160;211:*.woff=0;38;2;173;160;211:*.xbps=4;38;2;137;184;194:*.xlsx=0;38;2;226;120;120:*.yaml=0;38;2;226;164;120:*stdin=0;38;2;107;112;137:*v.mod=0;38;2;180;190;130:*.blend=0;38;2;173;160;211:*.cabal=0;38;2;180;190;130:*.cache=0;38;2;107;112;137:*.class=0;38;2;107;112;137:*.cmake=0;38;2;180;190;130:*.ctags=0;38;2;107;112;137:*.dylib=1;38;2;226;120;120:*.dyn_o=0;38;2;107;112;137:*.gcode=0;38;2;180;190;130:*.ipynb=0;38;2;180;190;130:*.mdown=0;38;2;226;164;120:*.patch=0;38;2;180;190;130:*.rmeta=0;38;2;107;112;137:*.scala=0;38;2;180;190;130:*.shtml=0;38;2;226;164;120:*.swift=0;38;2;180;190;130:*.toast=4;38;2;137;184;194:*.woff2=0;38;2;173;160;211:*.xhtml=0;38;2;226;164;120:*Icon\r=0;38;2;107;112;137:*LEGACY=0;38;2;22;24;33;48;2;226;164;120:*NOTICE=0;38;2;22;24;33;48;2;226;164;120:*README=0;38;2;22;24;33;48;2;226;164;120:*go.mod=0;38;2;180;190;130:*go.sum=0;38;2;107;112;137:*passwd=0;38;2;226;164;120:*shadow=0;38;2;226;164;120:*stderr=0;38;2;107;112;137:*stdout=0;38;2;107;112;137:*.bashrc=0;38;2;180;190;130:*.config=0;38;2;226;164;120:*.dyn_hi=0;38;2;107;112;137:*.flake8=0;38;2;180;190;130:*.gradle=0;38;2;180;190;130:*.groovy=0;38;2;180;190;130:*.ignore=0;38;2;180;190;130:*.matlab=0;38;2;180;190;130:*.nimble=0;38;2;180;190;130:*COPYING=0;38;2;130;133;151:*INSTALL=0;38;2;22;24;33;48;2;226;164;120:*LICENCE=0;38;2;130;133;151:*LICENSE=0;38;2;130;133;151:*TODO.md=1:*VERSION=0;38;2;22;24;33;48;2;226;164;120:*.alembic=0;38;2;173;160;211:*.desktop=0;38;2;226;164;120:*.gemspec=0;38;2;180;190;130:*.mailmap=0;38;2;180;190;130:*Doxyfile=0;38;2;180;190;130:*Makefile=0;38;2;180;190;130:*TODO.txt=1:*setup.py=0;38;2;180;190;130:*.DS_Store=0;38;2;107;112;137:*.cmake.in=0;38;2;180;190;130:*.fdignore=0;38;2;180;190;130:*.kdevelop=0;38;2;180;190;130:*.markdown=0;38;2;226;164;120:*.rgignore=0;38;2;180;190;130:*.tfignore=0;38;2;180;190;130:*CHANGELOG=0;38;2;22;24;33;48;2;226;164;120:*COPYRIGHT=0;38;2;130;133;151:*README.md=0;38;2;22;24;33;48;2;226;164;120:*bun.lockb=0;38;2;107;112;137:*configure=0;38;2;180;190;130:*.gitconfig=0;38;2;180;190;130:*.gitignore=0;38;2;180;190;130:*.localized=0;38;2;107;112;137:*.scons_opt=0;38;2;107;112;137:*.timestamp=0;38;2;107;112;137:*CODEOWNERS=0;38;2;180;190;130:*Dockerfile=0;38;2;226;164;120:*INSTALL.md=0;38;2;22;24;33;48;2;226;164;120:*README.txt=0;38;2;22;24;33;48;2;226;164;120:*SConscript=0;38;2;180;190;130:*SConstruct=0;38;2;180;190;130:*.cirrus.yml=0;38;2;180;190;130:*.gitmodules=0;38;2;180;190;130:*.synctex.gz=0;38;2;107;112;137:*.travis.yml=0;38;2;180;190;130:*INSTALL.txt=0;38;2;22;24;33;48;2;226;164;120:*LICENSE-MIT=0;38;2;130;133;151:*MANIFEST.in=0;38;2;180;190;130:*Makefile.am=0;38;2;180;190;130:*Makefile.in=0;38;2;107;112;137:*.applescript=0;38;2;180;190;130:*.fdb_latexmk=0;38;2;107;112;137:*.webmanifest=0;38;2;226;164;120:*CHANGELOG.md=0;38;2;22;24;33;48;2;226;164;120:*CONTRIBUTING=0;38;2;22;24;33;48;2;226;164;120:*CONTRIBUTORS=0;38;2;22;24;33;48;2;226;164;120:*appveyor.yml=0;38;2;180;190;130:*configure.ac=0;38;2;180;190;130:*.bash_profile=0;38;2;180;190;130:*.clang-format=0;38;2;180;190;130:*.editorconfig=0;38;2;180;190;130:*CHANGELOG.txt=0;38;2;22;24;33;48;2;226;164;120:*.gitattributes=0;38;2;180;190;130:*.gitlab-ci.yml=0;38;2;180;190;130:*CMakeCache.txt=0;38;2;107;112;137:*CMakeLists.txt=0;38;2;180;190;130:*LICENSE-APACHE=0;38;2;130;133;151:*pyproject.toml=0;38;2;180;190;130:*CODE_OF_CONDUCT=0;38;2;22;24;33;48;2;226;164;120:*CONTRIBUTING.md=0;38;2;22;24;33;48;2;226;164;120:*CONTRIBUTORS.md=0;38;2;22;24;33;48;2;226;164;120:*.sconsign.dblite=0;38;2;107;112;137:*CONTRIBUTING.txt=0;38;2;22;24;33;48;2;226;164;120:*CONTRIBUTORS.txt=0;38;2;22;24;33;48;2;226;164;120:*requirements.txt=0;38;2;180;190;130:*package-lock.json=0;38;2;107;112;137:*CODE_OF_CONDUCT.md=0;38;2;22;24;33;48;2;226;164;120:*.CFUserTextEncoding=0;38;2;107;112;137:*CODE_OF_CONDUCT.txt=0;38;2;22;24;33;48;2;226;164;120:*azure-pipelines.yml=0;38;2;180;190;130"

### Generated with https://github.com/sharkdp/vivid/.
# Theme tokyonight-night.
TOKYONIGHT_NIGHT="*~=0;38;2;65;72;104:bd=1;38;2;247;118;142;48;2;45;26;39:ca=0;48;2;40;52;87:cd=1;38;2;224;175;104;48;2;45;36;36:di=1;38;2;122;162;247:do=1;38;2;158;206;106;48;2;32;41;37:ex=1;38;2;158;206;106:fi=0:ln=3;38;2;137;221;255:mh=0:mi=0;38;2;219;75;75:no=0;38;2;86;95;137:or=0;38;2;26;27;38;48;2;219;75;75:ow=1;38;2;122;162;247;48;2;40;52;87:pi=1;38;2;255;158;100;48;2;49;32;37:rs=0;38;2;86;95;137:sg=0;48;2;40;52;87:so=1;38;2;26;188;156;48;2;26;41;45:st=0;48;2;40;52;87:su=0;48;2;40;52;87:tw=1;38;2;26;27;38;48;2;122;162;247:*.1=0;38;2;192;202;245:*.a=0;38;2;26;188;156:*.c=0;38;2;224;175;104:*.d=0;38;2;224;175;104:*.h=0;38;2;224;175;104:*.m=0;38;2;224;175;104:*.o=0;38;2;65;72;104:*.p=0;38;2;224;175;104:*.r=0;38;2;224;175;104:*.t=0;38;2;224;175;104:*.v=0;38;2;224;175;104:*.z=1;38;2;247;118;142:*.7z=1;38;2;247;118;142:*.ai=1;38;2;157;124;216:*.as=0;38;2;224;175;104:*.bc=0;38;2;65;72;104:*.bz=1;38;2;247;118;142:*.cc=0;38;2;224;175;104:*.cp=0;38;2;224;175;104:*.cr=0;38;2;224;175;104:*.cs=0;38;2;224;175;104:*.db=1;38;2;247;118;142:*.di=0;38;2;224;175;104:*.el=0;38;2;224;175;104:*.ex=0;38;2;224;175;104:*.fs=0;38;2;224;175;104:*.go=0;38;2;224;175;104:*.gv=0;38;2;224;175;104:*.gz=1;38;2;247;118;142:*.ha=0;38;2;224;175;104:*.hh=0;38;2;224;175;104:*.hi=0;38;2;65;72;104:*.hs=0;38;2;224;175;104:*.jl=0;38;2;224;175;104:*.js=0;38;2;224;175;104:*.ko=0;38;2;26;188;156:*.kt=0;38;2;224;175;104:*.la=0;38;2;65;72;104:*.ll=0;38;2;224;175;104:*.lo=0;38;2;65;72;104:*.ma=1;38;2;157;124;216:*.mb=1;38;2;157;124;216:*.md=0;38;2;192;202;245:*.mk=0;38;2;13;185;215:*.ml=0;38;2;224;175;104:*.mn=0;38;2;224;175;104:*.nb=0;38;2;224;175;104:*.nu=0;38;2;224;175;104:*.pl=0;38;2;224;175;104:*.pm=0;38;2;224;175;104:*.pp=0;38;2;224;175;104:*.ps=1;38;2;187;154;247:*.py=0;38;2;224;175;104:*.rb=0;38;2;224;175;104:*.rm=1;38;2;115;218;202:*.rs=0;38;2;224;175;104:*.sh=0;38;2;224;175;104:*.so=0;38;2;26;188;156:*.td=0;38;2;224;175;104:*.ts=0;38;2;224;175;104:*.ui=0;38;2;255;158;100:*.vb=0;38;2;224;175;104:*.wv=1;38;2;13;185;215:*.xz=1;38;2;247;118;142:*FAQ=1;38;2;125;207;255:*.3ds=1;38;2;157;124;216:*.3fr=1;38;2;157;124;216:*.3mf=1;38;2;157;124;216:*.adb=0;38;2;224;175;104:*.ads=0;38;2;224;175;104:*.aif=1;38;2;13;185;215:*.amf=1;38;2;157;124;216:*.ape=1;38;2;13;185;215:*.apk=1;38;2;247;118;142:*.ari=1;38;2;157;124;216:*.arj=1;38;2;247;118;142:*.arw=1;38;2;157;124;216:*.asa=0;38;2;224;175;104:*.asm=0;38;2;224;175;104:*.aux=0;38;2;65;72;104:*.avi=1;38;2;115;218;202:*.awk=0;38;2;224;175;104:*.bag=1;38;2;247;118;142:*.bak=0;38;2;65;72;104:*.bat=0;38;2;26;188;156:*.bay=1;38;2;157;124;216:*.bbl=0;38;2;65;72;104:*.bcf=0;38;2;65;72;104:*.bib=0;38;2;255;158;100:*.bin=1;38;2;247;118;142:*.blg=0;38;2;65;72;104:*.bmp=1;38;2;157;124;216:*.bsh=0;38;2;224;175;104:*.bst=0;38;2;255;158;100:*.bz2=1;38;2;247;118;142:*.c++=0;38;2;224;175;104:*.cap=1;38;2;157;124;216:*.cfg=0;38;2;255;158;100:*.cgi=0;38;2;224;175;104:*.clj=0;38;2;224;175;104:*.com=0;38;2;26;188;156:*.cpp=0;38;2;224;175;104:*.cr2=1;38;2;157;124;216:*.cr3=1;38;2;157;124;216:*.crw=1;38;2;157;124;216:*.css=0;38;2;224;175;104:*.csv=0;38;2;192;202;245:*.csx=0;38;2;224;175;104:*.cxx=0;38;2;224;175;104:*.dae=1;38;2;157;124;216:*.dcr=1;38;2;157;124;216:*.dcs=1;38;2;157;124;216:*.deb=1;38;2;247;118;142:*.def=0;38;2;224;175;104:*.dll=0;38;2;26;188;156:*.dmg=1;38;2;247;118;142:*.dng=1;38;2;157;124;216:*.doc=1;38;2;187;154;247:*.dot=0;38;2;224;175;104:*.dox=0;38;2;13;185;215:*.dpr=0;38;2;224;175;104:*.drf=1;38;2;157;124;216:*.dxf=1;38;2;157;124;216:*.eip=1;38;2;157;124;216:*.elc=0;38;2;224;175;104:*.elm=0;38;2;224;175;104:*.epp=0;38;2;224;175;104:*.eps=1;38;2;157;124;216:*.erf=1;38;2;157;124;216:*.erl=0;38;2;224;175;104:*.exe=0;38;2;26;188;156:*.exr=1;38;2;157;124;216:*.exs=0;38;2;224;175;104:*.fbx=1;38;2;157;124;216:*.fff=1;38;2;157;124;216:*.fls=0;38;2;65;72;104:*.flv=1;38;2;115;218;202:*.fnt=1;38;2;26;188;156:*.fon=1;38;2;26;188;156:*.fsi=0;38;2;224;175;104:*.fsx=0;38;2;224;175;104:*.gif=1;38;2;157;124;216:*.git=0;38;2;65;72;104:*.gpr=1;38;2;157;124;216:*.gvy=0;38;2;224;175;104:*.h++=0;38;2;224;175;104:*.hda=1;38;2;157;124;216:*.hip=1;38;2;157;124;216:*.hpp=0;38;2;224;175;104:*.htc=0;38;2;224;175;104:*.htm=0;38;2;192;202;245:*.hxx=0;38;2;224;175;104:*.ico=1;38;2;157;124;216:*.ics=1;38;2;187;154;247:*.idx=0;38;2;65;72;104:*.igs=1;38;2;157;124;216:*.iiq=1;38;2;157;124;216:*.ilg=0;38;2;65;72;104:*.img=1;38;2;247;118;142:*.inc=0;38;2;224;175;104:*.ind=0;38;2;65;72;104:*.ini=0;38;2;255;158;100:*.inl=0;38;2;224;175;104:*.ino=0;38;2;224;175;104:*.ipp=0;38;2;224;175;104:*.iso=1;38;2;247;118;142:*.jar=1;38;2;247;118;142:*.jpg=1;38;2;157;124;216:*.jsx=0;38;2;224;175;104:*.jxl=1;38;2;157;124;216:*.k25=1;38;2;157;124;216:*.kdc=1;38;2;157;124;216:*.kex=1;38;2;187;154;247:*.kra=1;38;2;157;124;216:*.kts=0;38;2;224;175;104:*.log=0;38;2;65;72;104:*.ltx=0;38;2;224;175;104:*.lua=0;38;2;224;175;104:*.m3u=1;38;2;13;185;215:*.m4a=1;38;2;13;185;215:*.m4v=1;38;2;115;218;202:*.mdc=1;38;2;157;124;216:*.mef=1;38;2;157;124;216:*.mid=1;38;2;13;185;215:*.mir=0;38;2;224;175;104:*.mkv=1;38;2;115;218;202:*.mli=0;38;2;224;175;104:*.mos=1;38;2;157;124;216:*.mov=1;38;2;115;218;202:*.mp3=1;38;2;13;185;215:*.mp4=1;38;2;115;218;202:*.mpg=1;38;2;115;218;202:*.mrw=1;38;2;157;124;216:*.msi=1;38;2;247;118;142:*.mtl=1;38;2;157;124;216:*.nef=1;38;2;157;124;216:*.nim=0;38;2;224;175;104:*.nix=0;38;2;255;158;100:*.nrw=1;38;2;157;124;216:*.obj=1;38;2;157;124;216:*.obm=1;38;2;157;124;216:*.odp=1;38;2;187;154;247:*.ods=1;38;2;187;154;247:*.odt=1;38;2;187;154;247:*.ogg=1;38;2;13;185;215:*.ogv=1;38;2;115;218;202:*.orf=1;38;2;157;124;216:*.org=0;38;2;192;202;245:*.otf=1;38;2;26;188;156:*.otl=1;38;2;157;124;216:*.out=0;38;2;65;72;104:*.pas=0;38;2;224;175;104:*.pbm=1;38;2;157;124;216:*.pcx=1;38;2;157;124;216:*.pdf=1;38;2;187;154;247:*.pef=1;38;2;157;124;216:*.pgm=1;38;2;157;124;216:*.php=0;38;2;224;175;104:*.pid=0;38;2;65;72;104:*.pkg=1;38;2;247;118;142:*.png=1;38;2;157;124;216:*.pod=0;38;2;224;175;104:*.ppm=1;38;2;157;124;216:*.pps=1;38;2;187;154;247:*.ppt=1;38;2;187;154;247:*.pro=0;38;2;13;185;215:*.ps1=0;38;2;224;175;104:*.psd=1;38;2;157;124;216:*.ptx=1;38;2;157;124;216:*.pxn=1;38;2;157;124;216:*.pyc=0;38;2;65;72;104:*.pyd=0;38;2;65;72;104:*.pyo=0;38;2;65;72;104:*.qoi=1;38;2;157;124;216:*.r3d=1;38;2;157;124;216:*.raf=1;38;2;157;124;216:*.rar=1;38;2;247;118;142:*.raw=1;38;2;157;124;216:*.rpm=1;38;2;247;118;142:*.rst=0;38;2;192;202;245:*.rtf=1;38;2;187;154;247:*.rw2=1;38;2;157;124;216:*.rwl=1;38;2;157;124;216:*.rwz=1;38;2;157;124;216:*.sbt=0;38;2;224;175;104:*.sql=0;38;2;224;175;104:*.sr2=1;38;2;157;124;216:*.srf=1;38;2;157;124;216:*.srw=1;38;2;157;124;216:*.stl=1;38;2;157;124;216:*.stp=1;38;2;157;124;216:*.sty=0;38;2;65;72;104:*.svg=1;38;2;157;124;216:*.swf=1;38;2;115;218;202:*.swp=0;38;2;65;72;104:*.sxi=1;38;2;187;154;247:*.sxw=1;38;2;187;154;247:*.tar=1;38;2;247;118;142:*.tbz=1;38;2;247;118;142:*.tcl=0;38;2;224;175;104:*.tex=0;38;2;224;175;104:*.tga=1;38;2;157;124;216:*.tgz=1;38;2;247;118;142:*.tif=1;38;2;157;124;216:*.tml=0;38;2;255;158;100:*.tmp=0;38;2;65;72;104:*.toc=0;38;2;65;72;104:*.tsx=0;38;2;224;175;104:*.ttf=1;38;2;26;188;156:*.txt=0;38;2;192;202;245:*.typ=0;38;2;192;202;245:*.usd=1;38;2;157;124;216:*.vcd=1;38;2;247;118;142:*.vim=0;38;2;224;175;104:*.vob=1;38;2;115;218;202:*.vsh=0;38;2;224;175;104:*.wav=1;38;2;13;185;215:*.wma=1;38;2;13;185;215:*.wmv=1;38;2;115;218;202:*.wrl=1;38;2;157;124;216:*.x3d=1;38;2;157;124;216:*.x3f=1;38;2;157;124;216:*.xlr=1;38;2;187;154;247:*.xls=1;38;2;187;154;247:*.xml=0;38;2;192;202;245:*.xmp=0;38;2;255;158;100:*.xpm=1;38;2;157;124;216:*.xvf=1;38;2;157;124;216:*.yml=0;38;2;255;158;100:*.zig=0;38;2;224;175;104:*.zip=1;38;2;247;118;142:*.zsh=0;38;2;224;175;104:*.zst=1;38;2;247;118;142:*TODO=1;38;2;180;249;248:*hgrc=0;38;2;13;185;215:*.avif=1;38;2;157;124;216:*.bash=0;38;2;224;175;104:*.braw=1;38;2;157;124;216:*.conf=0;38;2;255;158;100:*.dart=0;38;2;224;175;104:*.data=1;38;2;157;124;216:*.diff=0;38;2;224;175;104:*.docx=1;38;2;187;154;247:*.epub=1;38;2;187;154;247:*.fish=0;38;2;224;175;104:*.flac=1;38;2;13;185;215:*.h264=1;38;2;115;218;202:*.hack=0;38;2;224;175;104:*.heif=1;38;2;157;124;216:*.hgrc=0;38;2;13;185;215:*.html=0;38;2;192;202;245:*.iges=1;38;2;157;124;216:*.info=0;38;2;192;202;245:*.java=0;38;2;224;175;104:*.jpeg=1;38;2;157;124;216:*.json=0;38;2;255;158;100:*.less=0;38;2;224;175;104:*.lisp=0;38;2;224;175;104:*.lock=0;38;2;65;72;104:*.make=0;38;2;13;185;215:*.mojo=0;38;2;224;175;104:*.mpeg=1;38;2;115;218;202:*.nims=0;38;2;224;175;104:*.opus=1;38;2;13;185;215:*.orig=0;38;2;65;72;104:*.pptx=1;38;2;187;154;247:*.prql=0;38;2;224;175;104:*.psd1=0;38;2;224;175;104:*.psm1=0;38;2;224;175;104:*.purs=0;38;2;224;175;104:*.raku=0;38;2;224;175;104:*.rlib=0;38;2;65;72;104:*.sass=0;38;2;224;175;104:*.scad=0;38;2;224;175;104:*.scss=0;38;2;224;175;104:*.step=1;38;2;157;124;216:*.tbz2=1;38;2;247;118;142:*.tiff=1;38;2;157;124;216:*.toml=0;38;2;255;158;100:*.usda=1;38;2;157;124;216:*.usdc=1;38;2;157;124;216:*.usdz=1;38;2;157;124;216:*.webm=1;38;2;115;218;202:*.webp=1;38;2;157;124;216:*.woff=1;38;2;26;188;156:*.xbps=1;38;2;247;118;142:*.xlsx=1;38;2;187;154;247:*.yaml=0;38;2;255;158;100:*stdin=0;38;2;65;72;104:*v.mod=0;38;2;13;185;215:*.blend=1;38;2;157;124;216:*.cabal=0;38;2;224;175;104:*.cache=0;38;2;65;72;104:*.class=0;38;2;65;72;104:*.cmake=0;38;2;13;185;215:*.ctags=0;38;2;65;72;104:*.dylib=0;38;2;26;188;156:*.dyn_o=0;38;2;65;72;104:*.gcode=0;38;2;224;175;104:*.ipynb=0;38;2;224;175;104:*.mdown=0;38;2;192;202;245:*.patch=0;38;2;224;175;104:*.rmeta=0;38;2;65;72;104:*.scala=0;38;2;224;175;104:*.shtml=0;38;2;192;202;245:*.swift=0;38;2;224;175;104:*.toast=1;38;2;247;118;142:*.woff2=1;38;2;26;188;156:*.xhtml=0;38;2;192;202;245:*Icon\r=0;38;2;65;72;104:*LEGACY=1;38;2;125;207;255:*NOTICE=1;38;2;125;207;255:*README=1;38;2;125;207;255:*go.mod=0;38;2;13;185;215:*go.sum=0;38;2;65;72;104:*passwd=0;38;2;255;158;100:*shadow=0;38;2;255;158;100:*stderr=0;38;2;65;72;104:*stdout=0;38;2;65;72;104:*.bashrc=0;38;2;224;175;104:*.config=0;38;2;255;158;100:*.dyn_hi=0;38;2;65;72;104:*.flake8=0;38;2;13;185;215:*.gradle=0;38;2;224;175;104:*.groovy=0;38;2;224;175;104:*.ignore=0;38;2;13;185;215:*.matlab=0;38;2;224;175;104:*.nimble=0;38;2;224;175;104:*COPYING=1;38;2;192;202;245:*INSTALL=1;38;2;125;207;255:*LICENCE=1;38;2;192;202;245:*LICENSE=1;38;2;192;202;245:*TODO.md=1;38;2;180;249;248:*VERSION=1;38;2;125;207;255:*.alembic=1;38;2;157;124;216:*.desktop=0;38;2;255;158;100:*.gemspec=0;38;2;13;185;215:*.mailmap=0;38;2;13;185;215:*Doxyfile=0;38;2;13;185;215:*Makefile=0;38;2;13;185;215:*TODO.txt=1;38;2;180;249;248:*setup.py=0;38;2;13;185;215:*.DS_Store=0;38;2;65;72;104:*.cmake.in=0;38;2;13;185;215:*.fdignore=0;38;2;13;185;215:*.kdevelop=0;38;2;13;185;215:*.markdown=0;38;2;192;202;245:*.rgignore=0;38;2;13;185;215:*.tfignore=0;38;2;13;185;215:*CHANGELOG=1;38;2;125;207;255:*COPYRIGHT=1;38;2;192;202;245:*README.md=1;38;2;125;207;255:*bun.lockb=0;38;2;65;72;104:*configure=0;38;2;13;185;215:*.gitconfig=0;38;2;13;185;215:*.gitignore=0;38;2;13;185;215:*.localized=0;38;2;65;72;104:*.scons_opt=0;38;2;65;72;104:*.timestamp=0;38;2;65;72;104:*CODEOWNERS=0;38;2;13;185;215:*Dockerfile=0;38;2;65;166;181:*INSTALL.md=1;38;2;125;207;255:*README.txt=1;38;2;125;207;255:*SConscript=0;38;2;13;185;215:*SConstruct=0;38;2;13;185;215:*.cirrus.yml=0;38;2;65;166;181:*.gitmodules=0;38;2;13;185;215:*.synctex.gz=0;38;2;65;72;104:*.travis.yml=0;38;2;65;166;181:*INSTALL.txt=1;38;2;125;207;255:*LICENSE-MIT=1;38;2;192;202;245:*MANIFEST.in=0;38;2;13;185;215:*Makefile.am=0;38;2;13;185;215:*Makefile.in=0;38;2;65;72;104:*.applescript=0;38;2;224;175;104:*.fdb_latexmk=0;38;2;65;72;104:*.webmanifest=0;38;2;255;158;100:*CHANGELOG.md=1;38;2;125;207;255:*CONTRIBUTING=1;38;2;125;207;255:*CONTRIBUTORS=1;38;2;125;207;255:*appveyor.yml=0;38;2;65;166;181:*configure.ac=0;38;2;13;185;215:*.bash_profile=0;38;2;224;175;104:*.clang-format=0;38;2;13;185;215:*.editorconfig=0;38;2;13;185;215:*CHANGELOG.txt=1;38;2;125;207;255:*.gitattributes=0;38;2;13;185;215:*.gitlab-ci.yml=0;38;2;65;166;181:*CMakeCache.txt=0;38;2;65;72;104:*CMakeLists.txt=0;38;2;13;185;215:*LICENSE-APACHE=1;38;2;192;202;245:*pyproject.toml=0;38;2;13;185;215:*CODE_OF_CONDUCT=1;38;2;125;207;255:*CONTRIBUTING.md=1;38;2;125;207;255:*CONTRIBUTORS.md=1;38;2;125;207;255:*.sconsign.dblite=0;38;2;65;72;104:*CONTRIBUTING.txt=1;38;2;125;207;255:*CONTRIBUTORS.txt=1;38;2;125;207;255:*requirements.txt=0;38;2;13;185;215:*package-lock.json=0;38;2;65;72;104:*CODE_OF_CONDUCT.md=1;38;2;125;207;255:*.CFUserTextEncoding=0;38;2;65;72;104:*CODE_OF_CONDUCT.txt=1;38;2;125;207;255:*azure-pipelines.yml=0;38;2;65;166;181"

### Generated with https://github.com/sharkdp/vivid/.
# Themme gruvbox-dark-hard.
GRUVBOX_DARK_HARD="*~=3;38;2;102;92;84:bd=1;38;2;215;153;33:ca=0;38;2;29;32;33;48;2;204;36;29:cd=3;38;2;250;189;47:di=0;38;2;69;133;136:do=1;38;2;211;134;155:ex=1;38;2;184;187;38:fi=0;38;2;235;219;178;48;2;29;32;33:ln=3;38;2;131;165;152:mh=1:mi=0;38;2;235;219;178;48;2;251;73;52:no=0;38;2;235;219;178:or=3;38;2;251;73;52:ow=1;38;2;184;187;38:pi=0;38;2;177;98;134:rs=0:sg=0;38;2;29;32;33;48;2;214;93;14:so=1;38;2;177;98;134:st=0;38;2;235;219;178;48;2;69;133;136:su=0;38;2;235;219;178;48;2;204;36;29:tw=3;38;2;235;219;178;48;2;69;133;136:*.1=0;38;2;215;153;33:*.a=1;38;2;184;187;38:*.c=0;38;2;152;151;26:*.d=0;38;2;152;151;26:*.h=0;38;2;152;151;26:*.m=0;38;2;152;151;26:*.o=3;38;2;102;92;84:*.p=0;38;2;152;151;26:*.r=0;38;2;152;151;26:*.t=0;38;2;152;151;26:*.v=0;38;2;152;151;26:*.z=0;38;2;214;93;14:*.7z=0;38;2;214;93;14:*.ai=0;38;2;104;157;106:*.as=0;38;2;152;151;26:*.bc=3;38;2;102;92;84:*.bz=0;38;2;214;93;14:*.cc=0;38;2;152;151;26:*.cp=0;38;2;152;151;26:*.cr=0;38;2;152;151;26:*.cs=0;38;2;152;151;26:*.db=0;38;2;214;93;14:*.di=0;38;2;152;151;26:*.el=0;38;2;152;151;26:*.ex=0;38;2;152;151;26:*.fs=0;38;2;152;151;26:*.go=0;38;2;152;151;26:*.gv=0;38;2;152;151;26:*.gz=0;38;2;214;93;14:*.ha=0;38;2;152;151;26:*.hh=0;38;2;152;151;26:*.hi=3;38;2;102;92;84:*.hs=0;38;2;152;151;26:*.jl=0;38;2;152;151;26:*.js=0;38;2;152;151;26:*.ko=1;38;2;184;187;38:*.kt=0;38;2;152;151;26:*.la=3;38;2;102;92;84:*.ll=0;38;2;152;151;26:*.lo=3;38;2;102;92;84:*.ma=0;38;2;104;157;106:*.mb=0;38;2;104;157;106:*.md=0;38;2;215;153;33:*.mk=3;38;2;184;187;38:*.ml=0;38;2;152;151;26:*.mn=0;38;2;152;151;26:*.nb=0;38;2;152;151;26:*.nu=0;38;2;152;151;26:*.pl=0;38;2;152;151;26:*.pm=0;38;2;152;151;26:*.pp=0;38;2;152;151;26:*.ps=1;38;2;131;165;152:*.py=0;38;2;152;151;26:*.rb=0;38;2;152;151;26:*.rm=1;38;2;142;192;124:*.rs=0;38;2;152;151;26:*.sh=0;38;2;152;151;26:*.so=1;38;2;184;187;38:*.td=0;38;2;152;151;26:*.ts=0;38;2;152;151;26:*.ui=0;38;2;250;189;47:*.vb=0;38;2;152;151;26:*.wv=0;38;2;104;157;106:*.xz=0;38;2;214;93;14:*FAQ=1;38;2;250;189;47:*.3ds=0;38;2;104;157;106:*.3fr=0;38;2;104;157;106:*.3mf=0;38;2;104;157;106:*.adb=0;38;2;152;151;26:*.ads=0;38;2;152;151;26:*.aif=0;38;2;104;157;106:*.amf=0;38;2;104;157;106:*.ape=0;38;2;104;157;106:*.apk=0;38;2;214;93;14:*.ari=0;38;2;104;157;106:*.arj=0;38;2;214;93;14:*.arw=0;38;2;104;157;106:*.asa=0;38;2;152;151;26:*.asm=0;38;2;152;151;26:*.aux=3;38;2;102;92;84:*.avi=1;38;2;142;192;124:*.awk=0;38;2;152;151;26:*.bag=0;38;2;214;93;14:*.bak=3;38;2;102;92;84:*.bat=1;38;2;184;187;38:*.bay=0;38;2;104;157;106:*.bbl=3;38;2;102;92;84:*.bcf=3;38;2;102;92;84:*.bib=0;38;2;250;189;47:*.bin=1;38;2;254;128;25:*.blg=3;38;2;102;92;84:*.bmp=0;38;2;104;157;106:*.bsh=0;38;2;152;151;26:*.bst=0;38;2;250;189;47:*.bz2=0;38;2;214;93;14:*.c++=0;38;2;152;151;26:*.cap=0;38;2;104;157;106:*.cfg=0;38;2;250;189;47:*.cgi=0;38;2;152;151;26:*.clj=0;38;2;152;151;26:*.com=1;38;2;184;187;38:*.cpp=0;38;2;152;151;26:*.cr2=0;38;2;104;157;106:*.cr3=0;38;2;104;157;106:*.crw=0;38;2;104;157;106:*.css=0;38;2;152;151;26:*.csv=0;38;2;215;153;33:*.csx=0;38;2;152;151;26:*.cxx=0;38;2;152;151;26:*.dae=0;38;2;104;157;106:*.dcr=0;38;2;104;157;106:*.dcs=0;38;2;104;157;106:*.deb=0;38;2;214;93;14:*.def=0;38;2;152;151;26:*.dll=1;38;2;184;187;38:*.dmg=1;38;2;254;128;25:*.dng=0;38;2;104;157;106:*.doc=1;38;2;131;165;152:*.dot=0;38;2;152;151;26:*.dox=3;38;2;184;187;38:*.dpr=0;38;2;152;151;26:*.drf=0;38;2;104;157;106:*.dxf=0;38;2;104;157;106:*.eip=0;38;2;104;157;106:*.elc=0;38;2;152;151;26:*.elm=0;38;2;152;151;26:*.epp=0;38;2;152;151;26:*.eps=0;38;2;104;157;106:*.erf=0;38;2;104;157;106:*.erl=0;38;2;152;151;26:*.exe=1;38;2;184;187;38:*.exr=0;38;2;104;157;106:*.exs=0;38;2;152;151;26:*.fbx=0;38;2;104;157;106:*.fff=0;38;2;104;157;106:*.fls=3;38;2;102;92;84:*.flv=1;38;2;142;192;124:*.fnt=0;38;2;104;157;106:*.fon=0;38;2;104;157;106:*.fsi=0;38;2;152;151;26:*.fsx=0;38;2;152;151;26:*.gif=0;38;2;104;157;106:*.git=3;38;2;102;92;84:*.gpr=0;38;2;104;157;106:*.gvy=0;38;2;152;151;26:*.h++=0;38;2;152;151;26:*.hda=0;38;2;104;157;106:*.hip=0;38;2;104;157;106:*.hpp=0;38;2;152;151;26:*.htc=0;38;2;152;151;26:*.htm=0;38;2;215;153;33:*.hxx=0;38;2;152;151;26:*.ico=0;38;2;104;157;106:*.ics=1;38;2;131;165;152:*.idx=3;38;2;102;92;84:*.igs=0;38;2;104;157;106:*.iiq=0;38;2;104;157;106:*.ilg=3;38;2;102;92;84:*.img=1;38;2;254;128;25:*.inc=0;38;2;152;151;26:*.ind=3;38;2;102;92;84:*.ini=0;38;2;250;189;47:*.inl=0;38;2;152;151;26:*.ino=0;38;2;152;151;26:*.ipp=0;38;2;152;151;26:*.iso=1;38;2;254;128;25:*.jar=0;38;2;214;93;14:*.jpg=0;38;2;104;157;106:*.jsx=0;38;2;152;151;26:*.jxl=0;38;2;104;157;106:*.k25=0;38;2;104;157;106:*.kdc=0;38;2;104;157;106:*.kex=1;38;2;131;165;152:*.kra=0;38;2;104;157;106:*.kts=0;38;2;152;151;26:*.log=3;38;2;102;92;84:*.ltx=0;38;2;152;151;26:*.lua=0;38;2;152;151;26:*.m3u=0;38;2;104;157;106:*.m4a=0;38;2;104;157;106:*.m4v=1;38;2;142;192;124:*.mdc=0;38;2;104;157;106:*.mef=0;38;2;104;157;106:*.mid=0;38;2;104;157;106:*.mir=0;38;2;152;151;26:*.mkv=1;38;2;142;192;124:*.mli=0;38;2;152;151;26:*.mos=0;38;2;104;157;106:*.mov=1;38;2;142;192;124:*.mp3=0;38;2;104;157;106:*.mp4=1;38;2;142;192;124:*.mpg=1;38;2;142;192;124:*.mrw=0;38;2;104;157;106:*.msi=0;38;2;214;93;14:*.mtl=0;38;2;104;157;106:*.nef=0;38;2;104;157;106:*.nim=0;38;2;152;151;26:*.nix=0;38;2;250;189;47:*.nrw=0;38;2;104;157;106:*.obj=0;38;2;104;157;106:*.obm=0;38;2;104;157;106:*.odp=1;38;2;131;165;152:*.ods=1;38;2;131;165;152:*.odt=1;38;2;131;165;152:*.ogg=0;38;2;104;157;106:*.ogv=1;38;2;142;192;124:*.orf=0;38;2;104;157;106:*.org=0;38;2;215;153;33:*.otf=0;38;2;104;157;106:*.otl=0;38;2;104;157;106:*.out=3;38;2;102;92;84:*.pas=0;38;2;152;151;26:*.pbm=0;38;2;104;157;106:*.pcx=0;38;2;104;157;106:*.pdf=1;38;2;131;165;152:*.pef=0;38;2;104;157;106:*.pgm=0;38;2;104;157;106:*.php=0;38;2;152;151;26:*.pid=3;38;2;102;92;84:*.pkg=0;38;2;214;93;14:*.png=0;38;2;104;157;106:*.pod=0;38;2;152;151;26:*.ppm=0;38;2;104;157;106:*.pps=1;38;2;131;165;152:*.ppt=1;38;2;131;165;152:*.pro=3;38;2;184;187;38:*.ps1=0;38;2;152;151;26:*.psd=0;38;2;104;157;106:*.ptx=0;38;2;104;157;106:*.pxn=0;38;2;104;157;106:*.pyc=3;38;2;102;92;84:*.pyd=3;38;2;102;92;84:*.pyo=3;38;2;102;92;84:*.qoi=0;38;2;104;157;106:*.r3d=0;38;2;104;157;106:*.raf=0;38;2;104;157;106:*.rar=0;38;2;214;93;14:*.raw=0;38;2;104;157;106:*.rpm=0;38;2;214;93;14:*.rst=0;38;2;215;153;33:*.rtf=1;38;2;131;165;152:*.rw2=0;38;2;104;157;106:*.rwl=0;38;2;104;157;106:*.rwz=0;38;2;104;157;106:*.sbt=0;38;2;152;151;26:*.sql=0;38;2;152;151;26:*.sr2=0;38;2;104;157;106:*.srf=0;38;2;104;157;106:*.srw=0;38;2;104;157;106:*.stl=0;38;2;104;157;106:*.stp=0;38;2;104;157;106:*.sty=3;38;2;102;92;84:*.svg=0;38;2;104;157;106:*.swf=1;38;2;142;192;124:*.swp=3;38;2;102;92;84:*.sxi=1;38;2;131;165;152:*.sxw=1;38;2;131;165;152:*.tar=0;38;2;214;93;14:*.tbz=0;38;2;214;93;14:*.tcl=0;38;2;152;151;26:*.tex=0;38;2;152;151;26:*.tga=0;38;2;104;157;106:*.tgz=0;38;2;214;93;14:*.tif=0;38;2;104;157;106:*.tml=0;38;2;250;189;47:*.tmp=3;38;2;102;92;84:*.toc=3;38;2;102;92;84:*.tsx=0;38;2;152;151;26:*.ttf=0;38;2;104;157;106:*.txt=0;38;2;235;219;178:*.typ=0;38;2;215;153;33:*.usd=0;38;2;104;157;106:*.vcd=1;38;2;254;128;25:*.vim=0;38;2;152;151;26:*.vob=1;38;2;142;192;124:*.vsh=0;38;2;152;151;26:*.wav=0;38;2;104;157;106:*.wma=0;38;2;104;157;106:*.wmv=1;38;2;142;192;124:*.wrl=0;38;2;104;157;106:*.x3d=0;38;2;104;157;106:*.x3f=0;38;2;104;157;106:*.xlr=1;38;2;131;165;152:*.xls=1;38;2;131;165;152:*.xml=0;38;2;215;153;33:*.xmp=0;38;2;250;189;47:*.xpm=0;38;2;104;157;106:*.xvf=0;38;2;104;157;106:*.yml=0;38;2;250;189;47:*.zig=0;38;2;152;151;26:*.zip=0;38;2;214;93;14:*.zsh=0;38;2;152;151;26:*.zst=0;38;2;214;93;14:*TODO=0;38;2;184;187;38:*hgrc=3;38;2;184;187;38:*.avif=0;38;2;104;157;106:*.bash=0;38;2;152;151;26:*.braw=0;38;2;104;157;106:*.conf=0;38;2;250;189;47:*.dart=0;38;2;152;151;26:*.data=0;38;2;104;157;106:*.diff=0;38;2;152;151;26:*.docx=1;38;2;131;165;152:*.epub=1;38;2;131;165;152:*.fish=0;38;2;152;151;26:*.flac=0;38;2;104;157;106:*.h264=1;38;2;142;192;124:*.hack=0;38;2;152;151;26:*.heif=0;38;2;104;157;106:*.hgrc=3;38;2;184;187;38:*.html=0;38;2;215;153;33:*.iges=0;38;2;104;157;106:*.info=0;38;2;215;153;33:*.java=0;38;2;152;151;26:*.jpeg=0;38;2;104;157;106:*.json=0;38;2;250;189;47:*.less=0;38;2;152;151;26:*.lisp=0;38;2;152;151;26:*.lock=3;38;2;102;92;84:*.make=3;38;2;184;187;38:*.mojo=0;38;2;152;151;26:*.mpeg=1;38;2;142;192;124:*.nims=0;38;2;152;151;26:*.opus=0;38;2;104;157;106:*.orig=3;38;2;102;92;84:*.pptx=1;38;2;131;165;152:*.prql=0;38;2;152;151;26:*.psd1=0;38;2;152;151;26:*.psm1=0;38;2;152;151;26:*.purs=0;38;2;152;151;26:*.raku=0;38;2;152;151;26:*.rlib=3;38;2;102;92;84:*.sass=0;38;2;152;151;26:*.scad=0;38;2;152;151;26:*.scss=0;38;2;152;151;26:*.step=0;38;2;104;157;106:*.tbz2=0;38;2;214;93;14:*.tiff=0;38;2;104;157;106:*.toml=0;38;2;250;189;47:*.usda=0;38;2;104;157;106:*.usdc=0;38;2;104;157;106:*.usdz=0;38;2;104;157;106:*.webm=1;38;2;142;192;124:*.webp=0;38;2;104;157;106:*.woff=0;38;2;104;157;106:*.xbps=0;38;2;214;93;14:*.xlsx=1;38;2;131;165;152:*.yaml=0;38;2;250;189;47:*stdin=3;38;2;102;92;84:*v.mod=3;38;2;184;187;38:*.blend=0;38;2;104;157;106:*.cabal=0;38;2;152;151;26:*.cache=3;38;2;102;92;84:*.class=3;38;2;102;92;84:*.cmake=3;38;2;184;187;38:*.ctags=3;38;2;102;92;84:*.dylib=1;38;2;184;187;38:*.dyn_o=3;38;2;102;92;84:*.gcode=0;38;2;152;151;26:*.ipynb=0;38;2;152;151;26:*.mdown=0;38;2;215;153;33:*.patch=0;38;2;152;151;26:*.rmeta=3;38;2;102;92;84:*.scala=0;38;2;152;151;26:*.shtml=0;38;2;215;153;33:*.swift=0;38;2;152;151;26:*.toast=1;38;2;254;128;25:*.woff2=0;38;2;104;157;106:*.xhtml=0;38;2;215;153;33:*Icon\r=3;38;2;102;92;84:*LEGACY=1;38;2;250;189;47:*NOTICE=1;38;2;250;189;47:*README=1;38;2;250;189;47:*go.mod=3;38;2;184;187;38:*go.sum=3;38;2;102;92;84:*passwd=0;38;2;250;189;47:*shadow=0;38;2;250;189;47:*stderr=3;38;2;102;92;84:*stdout=3;38;2;102;92;84:*.bashrc=0;38;2;152;151;26:*.config=0;38;2;250;189;47:*.dyn_hi=3;38;2;102;92;84:*.flake8=3;38;2;184;187;38:*.gradle=0;38;2;152;151;26:*.groovy=0;38;2;152;151;26:*.ignore=3;38;2;184;187;38:*.matlab=0;38;2;152;151;26:*.nimble=0;38;2;152;151;26:*COPYING=3;38;2;235;219;178:*INSTALL=1;38;2;250;189;47:*LICENCE=3;38;2;235;219;178:*LICENSE=3;38;2;235;219;178:*TODO.md=0;38;2;184;187;38:*VERSION=1;38;2;250;189;47:*.alembic=0;38;2;104;157;106:*.desktop=0;38;2;250;189;47:*.gemspec=3;38;2;184;187;38:*.mailmap=3;38;2;184;187;38:*Doxyfile=3;38;2;184;187;38:*Makefile=3;38;2;184;187;38:*TODO.txt=0;38;2;184;187;38:*setup.py=3;38;2;184;187;38:*.DS_Store=3;38;2;102;92;84:*.cmake.in=3;38;2;184;187;38:*.fdignore=3;38;2;184;187;38:*.kdevelop=3;38;2;184;187;38:*.markdown=0;38;2;215;153;33:*.rgignore=3;38;2;184;187;38:*.tfignore=3;38;2;184;187;38:*CHANGELOG=1;38;2;250;189;47:*COPYRIGHT=3;38;2;235;219;178:*README.md=1;38;2;250;189;47:*bun.lockb=3;38;2;102;92;84:*configure=3;38;2;184;187;38:*.gitconfig=3;38;2;184;187;38:*.gitignore=3;38;2;184;187;38:*.localized=3;38;2;102;92;84:*.scons_opt=3;38;2;102;92;84:*.timestamp=3;38;2;102;92;84:*CODEOWNERS=3;38;2;184;187;38:*Dockerfile=0;38;2;250;189;47:*INSTALL.md=1;38;2;250;189;47:*README.txt=1;38;2;250;189;47:*SConscript=3;38;2;184;187;38:*SConstruct=3;38;2;184;187;38:*.cirrus.yml=0;38;2;131;165;152:*.gitmodules=3;38;2;184;187;38:*.synctex.gz=3;38;2;102;92;84:*.travis.yml=0;38;2;131;165;152:*INSTALL.txt=1;38;2;250;189;47:*LICENSE-MIT=3;38;2;235;219;178:*MANIFEST.in=3;38;2;184;187;38:*Makefile.am=3;38;2;184;187;38:*Makefile.in=3;38;2;102;92;84:*.applescript=0;38;2;152;151;26:*.fdb_latexmk=3;38;2;102;92;84:*.webmanifest=0;38;2;250;189;47:*CHANGELOG.md=1;38;2;250;189;47:*CONTRIBUTING=1;38;2;250;189;47:*CONTRIBUTORS=1;38;2;250;189;47:*appveyor.yml=0;38;2;131;165;152:*configure.ac=3;38;2;184;187;38:*.bash_profile=0;38;2;152;151;26:*.clang-format=3;38;2;184;187;38:*.editorconfig=3;38;2;184;187;38:*CHANGELOG.txt=1;38;2;250;189;47:*.gitattributes=3;38;2;184;187;38:*.gitlab-ci.yml=0;38;2;131;165;152:*CMakeCache.txt=3;38;2;102;92;84:*CMakeLists.txt=3;38;2;184;187;38:*LICENSE-APACHE=3;38;2;235;219;178:*pyproject.toml=3;38;2;184;187;38:*CODE_OF_CONDUCT=1;38;2;250;189;47:*CONTRIBUTING.md=1;38;2;250;189;47:*CONTRIBUTORS.md=1;38;2;250;189;47:*.sconsign.dblite=3;38;2;102;92;84:*CONTRIBUTING.txt=1;38;2;250;189;47:*CONTRIBUTORS.txt=1;38;2;250;189;47:*requirements.txt=3;38;2;184;187;38:*package-lock.json=3;38;2;102;92;84:*CODE_OF_CONDUCT.md=1;38;2;250;189;47:*.CFUserTextEncoding=3;38;2;102;92;84:*CODE_OF_CONDUCT.txt=1;38;2;250;189;47:*azure-pipelines.yml=0;38;2;131;165;152"


echo "Loading ls theme $1..."
case "$1" in 
    "SNAZZY")
        export LS_COLORS="$SNAZZY";;
    "ICEBERG_DARK")
        export LS_COLORS="$ICEBERG_DARK";;
    "TOKYONIGHT_NIGHT")
        export LS_COLORS="$TOKYONIGHT_NIGHT";;
    "GRUVBOX_DARK_HARD")
        export LS_COLORS="$GRUVBOX_DARK_HARD";;
    "SIMPLE_SOLARIZED")
        export LS_COLORS="$SIMPLE_SOLARIZED";;
    *) 
        echo "Unknow theme. [Theme=$1]"
        exit 1
esac
